稱號編號	稱號說明	品質顏色	稱號類型	時效	功能編號	次數要求	屬性ID	屬性值	獎勵銀幣	描述	圖示	是否特效
id	des	colour	type	time	gongnengid	times	attrid	attrnum	tongqian	describe	picture	iseffect
1	白手起家	1	1	-1	0	1	4	100	10000	花光所有銀幣	chenghao_101	0
2	比翼雙飛	1	1	-1	53	1	4	100	10000	創建角色第一天迎娶關銀屏	chenghao_102	0
3	BOSS殺手	1	1	-1	23	1	1	10	10000	首次擊殺世界BOSS	chenghao_103	0
4	劃拳高手	1	1	-1	53	5	2	10	10000	與美人免費劃拳5連勝	chenghao_104	0
5	衰神附身	1	1	-1	25	20	3	10	10000	問星連續20次掃帚星	chenghao_105	0
6	爭霸高手	1	1	-1	20	20	1	10	10000	完成三國爭霸20連殺	chenghao_106	0
7	勇冠三軍	1	1	-1	20	40	3	20	10000	完成三國爭霸40連殺	chenghao_107	0
8	心誠則靈	1	1	-1	31	30	4	200	10000	連續祭拜媽祖30天	chenghao_108	0
9	有容乃大	1	1	-1	19	1	2	10	10000	開啟背包倉庫所有格子	chenghao_109	0
10	一見鍾情	1	1	-1	27	1	4	100	10000	1次性收到99朵鮮花	chenghao_110	0
11	伐木工人	4	2	-1	11	1	1	0	100000	最先通關過關斬將呂布的隊伍	chenghao_201	0
12	演武王	4	2	259200	13	1	1	0	100000	演武場獎勵結算時排名第一	chenghao_202	0
13	天下第一幫	4	2	518400	16	1	1	0	100000	幫派戰冠軍幫幫主	chenghao_203	0
14	非誠勿擾	4	2	604800	27	1	1	0	100000	週鮮花榜排名第一	chenghao_204	0
15	無敵	4	2	-1	20	100	1	0	100000	完成三國爭霸100連殺	chenghao_205	0
16	腰纏萬貫	4	2	604800	27	1	1	0	100000	週銀幣榜排名第一	chenghao_207	0
17	一騎當先	4	2	604800	27	1	1	0	100000	週關卡榜排名第一	chenghao_206	0
18	徒有虛名	4	2	-1	27	1	1	0	100000	最先通關過關斬將司馬懿的隊伍	chenghao_209	0
19	變身達人	1	1	-1	0	50	4	200	10000	使用變身卡變身50次	chenghao_111	0
20	卡牌大師	1	1	-1	0	200	1	10	10000	使用變身卡變身200次	chenghao_112	0
21	超級變變變	4	2	-1	0	500	1	0	100000	使用變身卡變身500次	chenghao_210	0
22	龍的傳人	4	2	-1	31	30	1	0	100000	夷州尋仙護送龍船30次	chenghao_211	0
23	應運而生	1	1	-1	21	8	3	10	10000	神秘商店連續8次刷新不出材料	chenghao_113	0
24	君子好逑	1	1	-1	53	5	3	10	10000	與美人猜拳5連敗	chenghao_114	0
25	新手指導員	3	2	432000	0	1	1	0	50000	官方活動獲得	chenghao_212	0
26	戰神	4	2	604800	77	1	1	0	100000	巔峰對決中獲得第一名	chenghao_213	0
27	挑戰者	4	2	604800	13	1	1	0	0	制霸競技場活動期間成功成為挑戰者	chenghao_214	0
28	超凡競技王	4	2	604800	13	1	1	0	0	制霸競技場活動期間成功兩連冠	chenghao_215	0
29	至尊競技王	4	2	604800	13	1	1	0	0	制霸競技場活動期間成功三連冠	chenghao_216	0
30	聖·戰神	5	2	604800	77	1	1	0	500000	跨服巔峰對決中獲得第一名	chenghao_217	1
31	富可敵國	4	2	2592000	0	1	1	0	10000	官方活動獲得	chenghao_218	0
32	魅力女神	4	2	2592000	0	1	1	0	10000	官方活動獲得	chenghao_219	0
33	女神追隨者	4	2	2592000	0	1	1	0	10000	官方活動獲得	chenghao_220	0
34	珠寶大亨	4	2	2592000	0	1	1	0	10000	官方活動獲得	chenghao_221	0
35	孩子王	4	2	2592000	0	1	1	0	10000	官方活動獲得	chenghao_222	0
36	希望之光	4	2	2592000	0	1	1	0	10000	官方活動獲得	chenghao_223	0
37	一見傾心	3	2	604800	0	1	1	0	0	女武神試煉送花排名第四可獲得	chenghao_224	0
38	含情脉脉	4	2	604800	0	1	1	0	0	女武神試煉送花排名第三可獲得	chenghao_225	0
39	心花怒放	5	2	604800	0	1	1	0	0	女武神試煉送花排名第二可獲得	chenghao_226	0
40	以身相許	6	2	604800	0	1	1	0	0	女武神試煉送花排名第一可獲得	chenghao_227	0
41	聚星者	4	2	2592000	0	1	1	0	10000	官方活動獲得	chenghao_228	0
42	森林之子	4	2	2592000	0	1	1	0	10000	官方活動獲得	chenghao_229	0
43	衰人	4	2	2592000	0	1	4	2000	10000	金币赚赚赚中连续5次获得6等奖可获得	chenghao_230	0
44	王者归来	4	2	2592000	0	1	1	0	100000	官方活动获得	chenghao_231	0
45	百服之王	4	2	2592000	0	1	1	0	10000	官方活動獲得	chenghao_232	0
46	百戰之光	4	2	2592000	0	1	1	0	10000	官方活動獲得	chenghao_233	0
47	平叛勇士	5	2	-1	0	1	1	0	10000	參與獸人內亂活動獲得	chenghao_234	0
48	鐵拳	5	2	2592000	0	1	1	0	10000	參與獸人內亂活動獲得	chenghao_235	0
49	將軍	4	2	2592000	0	1	1	0	10000	參與獸人內亂活動獲得	chenghao_236	0
50	戰士	4	2	2592000	0	1	1	0	10000	參與獸人內亂活動獲得	chenghao_237	0
51	忠贞之士	4	2	2592000	0	1	1	0	10000	官方活動獲得	chenghao_238	0
52	女神守夜人	6	2	2592000	0	1	1	0	10000	合服活動期間幫派戰第一名獲得	chenghao_239	0
53	女神獵魔人	5	2	2592000	0	1	1	0	10000	合服活動期間幫派戰第二名獲得	chenghao_240	0
54	一生一世	4	2	-1	0	1	1	0	10000	官方活動獲得	chenghao_241	0
55	不離不棄	4	2	-1	0	1	1	0	10000	官方活動獲得	chenghao_242	0
56	地老天荒	4	2	-1	0	1	1	0	10000	官方活動獲得	chenghao_243	0
57	天長地久	4	2	-1	0	1	1	0	10000	官方活動獲得	chenghao_244	0
58	情投意合	4	2	-1	0	1	1	0	10000	官方活動獲得	chenghao_245	0
59	青梅竹馬	4	2	-1	0	1	1	0	10000	官方活動獲得	chenghao_246	0
60	傲視群雄	4	2	1296000	0	1	1	0	10000	跨服爭霸賽第一名可獲得	chenghao_247	0
61	白羊座女神	4	2	-1	0	1	1	0	10000	官方活動獲得	chenghao_248	0
62	金牛座女神	4	2	-1	0	1	1	0	10000	官方活動獲得	chenghao_249	0
63	射手座女神	4	2	-1	0	1	1	0	10000	官方活動獲得	chenghao_250	0
64	巨蟹座女神	4	2	-1	0	1	1	0	10000	官方活動獲得	chenghao_251	0
65	獅子座女神	4	2	-1	0	1	1	0	10000	官方活動獲得	chenghao_252	0
66	天秤座女神	4	2	-1	0	1	1	0	10000	官方活動獲得	chenghao_253	0
67	處女座女神	4	2	-1	0	1	1	0	10000	官方活動獲得	chenghao_254	0
68	天蠍座女神	4	2	-1	0	1	1	0	10000	官方活動獲得	chenghao_255	0
69	雙子座女神	4	2	-1	0	1	1	0	10000	官方活動獲得	chenghao_256	0
70	摩羯座女神	4	2	-1	0	1	1	0	10000	官方活動獲得	chenghao_257	0
71	雙魚座女神	4	2	-1	0	1	1	0	10000	官方活動獲得	chenghao_258	0
72	水瓶座女神	4	2	-1	0	1	1	0	10000	官方活動獲得	chenghao_259	0
73	至尊女神雅典娜	5	2	-1	0	1	1	0	10000	集齊12星座女神稱號即可獲得	chenghao_260	0
74	感恩父親節	4	2	2592000	0	1	1	0	10000	官方活動獲得	chenghao_261	0
75	开斋节兽人内乱称号	5	2	-1	0	1	1	0	10000	參與獸人內亂活動獲得	chenghao_262	0
76	星座大神	4	2	-1	0	1	1	0	10000	官方活動獲得	chenghao_263	0
77	最強王者	5	2	2592000	77	1	1	0	300000	王者之戰總冠軍稱號	chenghao_264	0
78	主宰之劍	5	2	-1	0	1	1	0	10000	VIP達到10級即可購買獲得	chenghao_265	0
79	氣球高手	5	2	-1	0	1	1	0	10000	氣球boom活動中高度達到20000即可獲得	chenghao_266	0
80	伯爵	5	2	-1	0	1	1	0	10000	爵位達到伯爵10星	chenghao_267	0
81	侯爵	5	2	-1	0	1	1	0	10000	爵位達到侯爵10星	chenghao_268	0
82	戰士	5	2	-1	0	1	1	0	10000	爵位達到戰士10星	chenghao_269	0
83	花	5	2	2592000	0	1	1	0	10000	官方活動獲得	chenghao_270	0
84	周年称号	5	2	-1	0	1	1	0	10000	官方活動獲得	chenghao_271	1
