編號	名稱	描述#材料名称不要超过4字	功能描述	類型	細分子類	圖示	音效	打開是否彈窗	職業限制	等級限制	品質	夥伴使用前提品質	堆疊數量	背包排序優先順序	天生強化等級	強化消耗比率	普通防禦	普通防禦強化值	絕技防禦	絕技防禦強化值	生命	生命強化值	普通攻擊	普通攻擊強化值	法術攻擊	法術攻擊強化值	絕技攻擊	絕技攻擊強化值	先攻值	強化先攻值係數	元寶價格	合成價格	售出價格	是否可以賣出	是否可銷毀	基礎裝備	材料	生成物品	給予元寶	給予銅幣	給予經驗	給予體力	給予功勳	給予命格	給予掉落	给予鲜花类型（1 2 3）	產出副本	下一等級卷軸	穿戴位置	通過此副本可使用直接製作功能	職業對應禮包	禮包id
id	name	commenttext	functiontext	type1	type2	iconid	sound	message	needclass	needlevel	quality	needpartnerquality	stackednumber	packsort	strengthenlevel	strengthenuseratio	putongdefence	putongdefencestrengthen	juejidefence	juejidefencestrengthen	hp	hpstrengthen	putongattack	putongattackstrengthen	fashuattack	fashuattackstrengthen	juejiattack	juejiattackstrengthen	initiative	strengtheninitiative	goldprice	comeposeprice	saleprice	issale	isdie	baseitem	materials	newitem	givegold	givecoin	giveexp	givetili	giveshengwang	givemingge	dropset	giveflower	outputcopy	nextlevelscroll	position	copyid	zhiye	gamegift
20001001	砍柴刀	補刀斧		第一神器	1	1	5	6	0	0	0	0	0	0	0	0	0	0	0	0	112	500	0	0	0	2	0	0	100015|300006|100023|300018	0	999	1	images/icon/20001001_icon.png	small_icon/20001001_icon.png	0
20001002	青銅指環	樹枝		上面刻著奇怪的花紋	1	2	1|2|3	1|1|1	0	0	0	0	0	0	0	0	0	0	0	0	26	100	0	0	0	1	0	0	100001|100004|100007|100011|100019	0	999	1	images/icon/20001002_icon.png	small_icon/20001002_icon.png	0
20001003	布頭帶	貴族頭環		為啥是綠色的	1	2	1|2|3	2|2|2	0	0	0	0	0	0	0	0	0	0	0	0	92	0	0	0	0	2	0	0	100015|200002|200009|500005|100023	0	999	1	images/icon/20001003_icon.png	small_icon/20001003_icon.png	0
20001004	小靈玉	小魔棒		能賣好多錢	1	2	11|12	15|15	0	0	0	0	0	0	0	0	0	0	0	0	100	400	0	0	0	2	0	0	100004|600001|600020|1000005|100020	0	999	1	images/icon/20001004_icon.png	small_icon/20001004_icon.png	0
20001005	力量戒指	力量拳套		只能戴在大拇指上	1	2	1	3	0	0	0	0	0	0	0	0	0	0	0	0	75	0	0	0	0	2	0	0	100001|300003|600013|1200020|100019	0	999	1	images/icon/20001005_icon.png	small_icon/20001005_icon.png	0
20001006	敏捷戒指	敏捷絲襪			1	2	3	3	0	0	0	0	0	0	0	0	0	0	0	0	75	0	0	0	0	2	0	0	200009|500008|900011|1200017	0	999	1	images/icon/20001006_icon.png	small_icon/20001006_icon.png	0
20001007	木盾	小圓盾		把手在哪？	1	2	7	2	0	0	0	0	0	0	0	0	0	0	0	0	125	0	0	0	0	2	0	0	100011|500020|900013|100022	0	999	1	images/icon/20001007_icon.png	small_icon/20001007_icon.png	0
20001008	能量寶石	藝人面罩		吃下去會不會回的更快？	1	2	12	30	0	0	0	0	0	0	0	0	0	0	0	0	162	0	0	0	0	4	0	0	200002|400014|900008|1200010|200022	0	999	1	images/icon/20001008_icon.png	small_icon/20001008_icon.png	0
20001009	無字官印	智力斗篷		沒有字真的能用嗎	1	2	2	3	0	0	0	0	0	0	0	0	0	0	0	0	75	0	0	0	0	2	0	0	100018|200018|700020|1200015|100024	0	999	1	images/icon/20001009_icon.png	small_icon/20001009_icon.png	0
20001010	防禦戒指	防禦指環		咬一口，啊，牙齒	1	2	7	2	0	0	0	0	0	0	0	0	0	0	0	0	87	0	0	0	0	2	0	0	200005|300014|1000002|1000007|200023	0	999	1	images/icon/20001010_icon.png	small_icon/20001010_icon.png	0
20001011	恢復戒指	回復戒指		戴上它，然後好好睡一覺	1	2	11	80	0	0	0	0	0	0	0	0	0	0	0	0	175	0	0	0	0	4	0	0	100007|500014|800009|1200012|100021	0	999	1	images/icon/20001011_icon.png	small_icon/20001011_icon.png	0
20001012	草鞋	鞋		編織得很粗糙	1	8	1|2|3	5|5|5	0	0	0	0	0	0	0	0	0	0	0	0	225	0	0	0	0	4	0	0	100018|600001|900020|1100012	0	999	1	images/icon/20001012_icon.png	small_icon/20001012_icon.png	0
20001013	青銅劍	攻擊利爪		家家戶戶都有的防身武器	1	10	5	9	0	0	0	0	0	0	0	0	0	0	0	0	225	0	0	0	0	4	0	0	300016|400014|600004|900020|1200002	0	999	1	images/icon/20001013_icon.png	small_icon/20001013_icon.png	0
20001014	布質腰帶	智力掛件			1	9	1|2|3|5	3|6|3|3	0	0	0	0	0	0	0	20001003|20001009|30001001	1|1|1	0	0	300	235	0	0	0	0	6	0	0	0	0	999	1	images/icon/20001014_icon.png	small_icon/20001014_icon.png	0
20001015	絲質圍巾	回復之巾		可以把脖子圍兩圈	1	10	1|2|3|11	2|2|2|120	0	0	0	0	0	0	0	20001011|20001002|30001004	1|1|1	0	0	300	301	0	0	0	0	7	0	0	0	0	999	1	images/icon/20001015_icon.png	small_icon/20001015_icon.png	0
20001016	將士護腕	力量腰帶		穿戴時不要被刺到！	1	10	1	6	20	6	0	0	0	0	120	0	0	0	0	0	225	0	0	0	0	6	0	0	300003|700003|1000007|300017	0	999	2	images/icon/20001016_icon.png	small_icon/20001016_icon.png	0
20001017	刺客系帶	敏捷系帶			1	9	1|2|3|5	3|3|6|3	0	0	0	0	0	0	0	20001003|20001006|30001002	1|1|1	0	0	300	242	0	0	0	0	6	0	0	0	0	999	1	images/icon/20001017_icon.png	small_icon/20001017_icon.png	0
20001018	古玉翡翠	聖殿指環		中間缺了一道口子	1	9	7|12	2|30	0	0	0	0	0	0	0	20001008|20001010	1|1	0	0	300	250	0	0	0	0	6	0	0	0	0	999	1	images/icon/20001018_icon.png	small_icon/20001018_icon.png	0
20001019	皮質輕靴	敏捷皮靴		真皮！	1	10	3	6	20	6	0	0	0	0	120	0	0	0	0	0	225	0	0	0	0	4	0	0	200015|500008|1000020|200026	0	999	2	images/icon/20001019_icon.png	small_icon/20001019_icon.png	0
20001020	謀士長袍	智力長袍		穿上它，高數都看得懂了！	1	10	2	6	20	6	0	0	0	0	120	0	0	0	0	0	225	0	0	0	0	4	0	0	200018|500017|1100003|1100012|200027	0	999	2	images/icon/20001020_icon.png	small_icon/20001020_icon.png	0
20001021	青銅肩甲	力量護腕			1	9	1|2|3|5	6|3|3|3	0	0	0	0	0	0	0	20001005|20001003|30001003	1|1|1	0	0	300	262	0	0	0	0	4	0	0	0	0	999	1	images/icon/20001021_icon.png	small_icon/20001021_icon.png	0
20001022	鐵盾	屌絲盾		花紋很猙獰	1	10	3|7	6|3	0	0	0	0	0	0	0	20001007|20001006|20001006	1|1|1	0	0	300	275	0	0	0	0	6	0	0	0	0	999	1	images/icon/20001022_icon.png	small_icon/20001022_icon.png	0
20001023	騎兵護手	加速手套		不是騎兵也可以戴	1	10	9	7.5	20	7.5	0	0	0	0	120	0	0	0	0	0	250	0	0	0	0	6	0	0	300009|400003|900016|300019|400020	0	999	2	images/icon/20001023_icon.png	small_icon/20001023_icon.png	0
20001024	無袖皮甲	魔抗斗篷		其實就是件背心	1	27	8	5	20	5	0	0	0	0	120	0	0	0	0	0	275	0	0	0	0	6	0	0	300012|600004|1100006|1200007	0	999	2	images/icon/20001024_icon.png	small_icon/20001024_icon.png	0
20001025	夜明珠	虛空寶石		不是只有晚上才發光！	1	11	12	60	20	60	0	0	0	0	150	0	0	0	0	0	437	0	0	0	0	6	0	0	300009|600015|1100003|300019	0	999	2	images/icon/20001025_icon.png	small_icon/20001025_icon.png	0
20001026	嗜血魔戒	吸血面具		小心劃傷自己！	1	11	16	15	20	15	0	0	0	0	120	0	0	0	0	0	450	0	0	0	0	6	0	0	300016|600010|1000010|1100020	0	999	2	images/icon/20001026_icon.png	small_icon/20001026_icon.png	0
20001027	紫雲石	元氣之球			1	13	4|6	200|18	20	100|9	0	0	0	0	120	0	0	0	0	0	600	0	0	0	0	6	0	0	300014|600007|700020|300021|600023	0	999	2	images/icon/20001027_icon.png	small_icon/20001027_icon.png	0
20001028	大靈玉	大魔棒			1	10	1|2|3|11|12	3|3|3|15|15	20	3|3|3|15|15	0	0	0	0	120	20001002|20001002|20001004|30001006	1|1|1|1	0	0	1200	228	3000	0	0	0	8	0	0	0	0	999	2	images/icon/20001028_icon.png	small_icon/20001028_icon.png	0
20001029	木棍	短棍		木頭怎麼了？木頭也可以很鋒利！	1	10	5|9	10|5	20	8|4	0	0	0	0	120	0	0	0	0	0	450	0	0	0	0	6	0	0	300006|600010|1000020|300018|600024	0	999	2	images/icon/20001029_icon.png	small_icon/20001029_icon.png	0
20001030	青銅戰盔	武士頭盔		經常被用來喝水	1	10	7|11	5|90	20	3|60	0	0	0	0	120	0	0	0	0	0	475	0	0	0	0	6	0	0	300003|600018|900011|300017|600027	0	999	2	images/icon/20001030_icon.png	small_icon/20001030_icon.png	0
20001031	碧玉戒指	魂戒		丟在草叢就看不見了	1	10	6|11|12	12|120|30	20	8|80|20	0	0	0	0	120	20001008|20001011|30001005	1|1|1	0	0	1200	400	0	0	0	0	14	0	0	0	0	999	2	images/icon/20001031_icon.png	small_icon/20001031_icon.png	0
20001032	玄鐵盾牌	玄鐵盾牌		可以用來砸人	1	10	1|2|3|7	2|2|2|5	20	1|1|1|4	0	0	0	0	120	20001035|20001002|30001007	1|1|1	0	0	1200	401	0	0	0	0	13	0	0	0	0	999	2	images/icon/20001032_icon.png	small_icon/20001032_icon.png	0
20001033	魔能石	法力之球			1	11	6	30	20	15	0	0	0	0	120	0	0	0	0	0	500	0	0	0	0	6	0	0	200012|600020|900008|1200004|200025	0	999	2	images/icon/20001033_icon.png	small_icon/20001033_icon.png	0
20001034	血氣石	生命之球			1	12	4	250	20	250	0	0	0	0	120	0	0	0	0	0	550	0	0	0	0	6	0	0	300006|600018|900006|300018|600027	0	999	2	images/icon/20001034_icon.png	small_icon/20001034_icon.png	0
20001035	輕甲	鎖甲		這個應該怎麼穿？	1	20	7	5	20	5	0	0	0	0	120	0	0	0	0	0	275	0	0	0	0	6	0	0	200021|500014|1000007|200028|500025	0	999	2	images/icon/20001035_icon.png	small_icon/20001035_icon.png	0
20001036	血玉翡翠	治療指環			1	20	11	150	20	150	0	0	0	0	120	0	0	0	0	0	437	0	0	0	0	6	0	0	300014|400011|800018|300021|400023	0	999	2	images/icon/20001036_icon.png	small_icon/20001036_icon.png	0
20001037	藥罐	命匣		內有板藍根，包治百病	1	16	1|11|12	6|70|50	20	5|60|40	0	0	0	0	120	20001008|20001005|20001005|30001009	1|1|1|1	0	0	1200	437	0	0	0	0	14	0	0	0	0	999	2	images/icon/20001037_icon.png	small_icon/20001037_icon.png	0
20001038	生命之靴	綠鞋		生命在於運動	1	16	1|2|3|7|11	7|7|7|1|90	20	3|3|3|1|30	0	0	0	0	120	20001010|20001011|20001012	1|1|1	0	0	1200	487	0	0	0	0	10	0	0	0	0	999	2	images/icon/20001038_icon.png	small_icon/20001038_icon.png	0
20001039	木杖	空明禪杖		木質的簡陋短杖	1	18	2|5|9|12	6|15|5|40	20	3|6|2|20	0	0	0	0	120	20001029|20001008|20001020	1|1|1	0	0	1200	837	0	0	0	0	14	0	0	0	0	999	2	images/icon/20001039_icon.png	small_icon/20001039_icon.png	0
20001040	兵符	戰鼓		手握千軍萬馬，壓力山大	1	20	1|2|3|5	9|9|9|3	20	3|3|3|3	0	0	0	0	120	20001021|20001020|30001013	1|1|1	0	0	1200	887	0	0	0	0	16	0	0	0	0	999	2	images/icon/20001040_icon.png	small_icon/20001040_icon.png	0
20001041	貼身玉佩	天鷹之戒		貼身的，不要給別人看見	1	15	1|2|3|7|12	3|3|3|3|32	20	2|2|2|2|20	0	0	0	0	120	20001018|20001017	1|1	0	0	1200	492	0	0	0	0	12	0	0	0	0	999	2	images/icon/20001041_icon.png	small_icon/20001041_icon.png	0
20001042	疾風靴	相位鞋		散發著一股奇怪的味道	1	19	1|2|3|5	9|9|9|24	20	3|3|3|6	0	0	0	0	120	20001013|20001013|20001012	1|1|1	0	0	1200	675	0	0	0	0	12	0	0	0	0	999	2	images/icon/20001042_icon.png	small_icon/20001042_icon.png	0
20001043	統帥面具	支配		帶上就看不見路了啊喂！	1	19	5|7|16	20|5|15	20	7|2|5	0	0	0	0	120	20001026|20001030	1|1	0	0	1200	925	0	0	0	0	12	0	0	0	0	999	2	images/icon/20001043_icon.png	small_icon/20001043_icon.png	0
20001044	瘋狂面具	瘋狂			1	19	7|9|16	-10|20|20	20	0|6|5	0	0	0	0	120	20001026|30001015	1|1	0	0	1200	950	0	0	0	0	12	0	0	0	0	999	2	images/icon/20001044_icon.png	small_icon/20001044_icon.png	0
20001045	力量之靴	力量假腿			1	18	1|2|3|9	14|6|6|15	20	3|2|2|3	0	0	0	0	120	20001023|20001012|20001016	1|1|1	0	0	1200	700	0	0	0	0	14	0	0	0	0	999	2	images/icon/20001045_icon.png	small_icon/20001045_icon.png	0
20001046	敏捷之靴	敏捷假腿			1	18	1|2|3|9	6|6|14|15	20	2|2|3|3	0	0	0	0	120	20001023|20001012|20001019	1|1|1	0	0	1200	700	0	0	0	0	14	0	0	0	0	999	2	images/icon/20001046_icon.png	small_icon/20001046_icon.png	0
20001047	軍師冠	魔抗頭巾		做工很精緻	1	18	6|11	12|180	20	4|50	0	0	0	0	120	20001036|20001011|20001011|20001024	1|1|1|1	0	0	1200	1062	0	0	0	0	20	0	0	0	0	999	2	images/icon/20001047_icon.png	small_icon/20001047_icon.png	0
20001048	先鋒盾	先鋒盾		很重，真的很重	1	19	4|7|11	280|4|240	20	100|1|100	0	0	0	0	120	20001034|20001007|20001036	1|1|1	0	0	1200	1112	0	0	0	0	14	0	0	0	0	999	2	images/icon/20001048_icon.png	small_icon/20001048_icon.png	0
20001049	治療之石	梅肯		治病要儘早！	1	21	1|2|3|14|19	5|5|5|5|10	20	1|1|1|1|1	0	0	0	0	120	20001015|20001032|30001014	1|1|1	0	0	1200	1153	0	0	0	0	26	0	0	0	0	999	2	images/icon/20001049_icon.png	small_icon/20001049_icon.png	0
20001050	力量戰斧	力量之斧		記得輕拿輕放	1	20	1	10	30|50|80	10	20	30	0	0	150	60001001	5	0	0	1500	2500	0	0	0	0	14	0	0	0	0	999	3	images/icon/20001050_icon.png	small_icon/20001050_icon.png	0
20001051	龍槍	秘銀錘		像是被一條龍咬著	1	24	5	24	30|50|80	16	32	48	0	0	150	60001002	5	0	0	1500	4000	0	0	0	0	20	0	0	0	0	999	3	images/icon/20001051_icon.png	small_icon/20001051_icon.png	0
20001052	巫師之杖	綠杖		一般巫師都不用它	1	24	1|2|3|10	7|7|7|20	30|50|80	2|2|2|4	4|4|4|8	6|6|6|12	0	0	150	60001003	5	0	0	1500	4000	0	0	0	0	20	0	0	0	0	999	3	images/icon/20001052_icon.png	small_icon/20001052_icon.png	0
20001053	敏捷匕首	敏捷之刃		危險時候，可以當飛鏢使用！	1	20	3	10	30|50|80	10	20	30	0	0	150	60001004	5	0	0	1500	2500	0	0	0	0	14	0	0	0	0	999	3	images/icon/20001053_icon.png	small_icon/20001053_icon.png	0
20001054	智慧法杖	智力法杖		智商終於正的了!	1	20	2	10	30|50|80	10	20	30	0	0	150	60001005	5	0	0	1500	2500	0	0	0	0	14	0	0	0	0	999	3	images/icon/20001054_icon.png	small_icon/20001054_icon.png	0
20001055	雄劍	散華		我的另一半呢	1	26	1|5	16|10	30|50|80	12|8	24|16	36|24	0	0	150	20001050|20001016|30001011	1|1|1	0	0	5000	3025	0	0	0	0	24	0	0	0	0	999	3	images/icon/20001055_icon.png	small_icon/20001055_icon.png	0
20001056	雌劍	夜叉		另一半在這	1	26	3|9	16|6	30|50|80	12|4	24|8	36|12	0	0	150	20001053|20001019|30001012	1|1|1	0	0	5000	3025	0	0	0	0	24	0	0	0	0	999	3	images/icon/20001056_icon.png	small_icon/20001056_icon.png	0
20001057	大劍	大劍		要用兩個手握住	1	22	5	21	30|50|80	21	42	63	0	0	150	60001006	5	0	0	1500	3500	0	0	0	0	20	0	0	0	0	999	3	images/icon/20001057_icon.png	small_icon/20001057_icon.png	0
20001058	長槍	標槍		不要太用力，小心被卡在裡面	1	23	5	24	30|50|80	16	32	48	0	0	150	60001007	5	0	0	1500	3750	0	0	0	0	20	0	0	0	0	999	3	images/icon/20001058_icon.png	small_icon/20001058_icon.png	0
20001059	水晶靴	秘法鞋		十二點也不會變成灰姑娘哦！	1	17	1|2|3|6|12	5|5|5|40|60	20	2|2|2|10|10	0	0	0	0	120	20001012|20001033	1|1	0	0	1200	725	0	0	0	0	10	0	0	0	0	999	2	images/icon/20001059_icon.png	small_icon/20001059_icon.png	0
20001060	精煉寶石	堅韌球		吃下去就能升級的感覺	1	18	5|11|12	10|200|75	20	5|100|35	0	0	0	0	120	20001036|20001025	1|1	0	0	1200	875	0	0	0	0	12	0	0	0	0	999	2	images/icon/20001060_icon.png	small_icon/20001060_icon.png	0
20001061	元帥戰旗	祭品		上面寫著風林火山	1	25	7|9|12|16	5|15|40|16	20	2|3|10|4	0	0	0	0	120	20001026|20001011|20001018|30001010	1|1|1|1	0	0	1200	1025	0	0	0	0	22	0	0	0	0	999	2	images/icon/20001061_icon.png	small_icon/20001061_icon.png	0
20001062	闊刀	闊劍		適合劈砍的大刀	1	21	5	18	30|50|80	18	36	54	0	0	150	60001008	5	0	0	1500	3000	0	0	0	0	20	0	0	0	0	999	3	images/icon/20001062_icon.png	small_icon/20001062_icon.png	0
20001063	暴戾手套	鬼手		以前有個人戴著它撓癢，然後就沒有然後了	1	32	1|5|7|9	25|9|5|10	30|50|80	8|3|1|3	16|6|2|6	24|9|3|9	0	0	150	20001023|20001013|20001030|30001019	1|1|1|1	0	0	5000	4450	0	0	0	0	36	0	0	0	0	999	3	images/icon/20001063_icon.png	small_icon/20001063_icon.png	0
20001064	古錠刀	水晶劍		隕鐵碎片鑄成的神劍的高仿版	1	37	5|9	30|30	30|50|80	8|8	16|16	24|24	0	0	150	20001062|20001013|30001016	1|1|1	0	0	5000	5725	0	0	0	0	44	0	0	0	0	999	3	images/icon/20001064_icon.png	small_icon/20001064_icon.png	0
20001065	防禦重甲	板甲		看起來就很重	1	22	7	10	30|50|80	5	10	15	0	0	150	60001009	5	0	0	1500	3500	0	0	0	0	20	0	0	0	0	999	3	images/icon/20001065_icon.png	small_icon/20001065_icon.png	0
20001066	毒囊	小毒球		提示：請放在兒童接觸不到的地方！	1	15	5	5	20	5	0	0	0	0	120	0	0	0	0	0	137	0	0	0	0	4	0	0	600007|800006|1000013|600023	0	999	2	images/icon/20001066_icon.png	small_icon/20001066_icon.png	0
20001067	尖刺甲	反傷甲		快打我！	1	36	2|5|7|8	10|22|5|5	30|50|80	3|6|2|2	6|12|4|4	9|18|6|6	0	0	150	20001062|20001035|20001020	1|1|1	0	0	5000	3500	0	0	0	0	30	0	0	0	0	999	3	images/icon/20001067_icon.png	small_icon/20001067_icon.png	0
20001068	轉移法杖	推推棒		跳遠比賽禁止使用！	1	30	2|11|13	10|120|5	30|50|80	8|100|2	16|200|4	24|300|6	0	0	150	20001054|20001011|30001021	1|1|1	0	0	5000	7175	0	0	0	0	28	0	0	0	0	999	3	images/icon/20001068_icon.png	small_icon/20001068_icon.png	0
20001069	暴戾之牙	勇氣勳章		潔癖者慎重，這些野獸都是不刷牙的!	1	18	12|14	50|6	20	25|2	0	0	0	0	120	20001035|20001008|30001008	1|1|1	0	0	1200	537	0	0	0	0	16	0	0	0	0	999	2	images/icon/20001069_icon.png	small_icon/20001069_icon.png	0
20001070	智力之靴	智力假腿		連腦子都變輕了	1	18	1|2|3|9	6|14|6|15	20	2|3|2|3	0	0	0	0	120	20001012|20001020|20001023	1|1|1	0	0	1200	700	0	0	0	0	14	0	0	0	0	999	2	images/icon/20001070_icon.png	small_icon/20001070_icon.png	0
20001071	輕盈之靴	飛鞋		說好的減少緩慢效果持續時間呢！	1	31	1|2|3	25|25|25	30|50|80	5|5|5	10|10|10	15|15|15	0	0	150	20001012|30001028	1|1	0	0	5000	10225	0	0	0	0	34	0	0	0	0	999	3	images/icon/20001071_icon.png	small_icon/20001071_icon.png	0
20001072	紅炎之杖	紅杖		好像燒著了一樣	1	33	2|6|10	15|30|5	30|50|80	5|15|1	10|30|2	15|45|3	0	0	150	20001014|20001054|30001024	1|1|1	0	0	5000	8985	0	0	0	0	50	0	0	0	0	999	3	images/icon/20001072_icon.png	small_icon/20001072_icon.png	0
20001073	飛升法杖	風杖		恐高症患者請遠離	1	34	2|12|15	10|90|5	30|50|80	5|40|2	10|80|4	15|120|6	0	0	150	20001054|20001008|20001025|30001018	1|1|1|1	0	0	5000	6100	0	0	0	0	44	0	0	0	0	999	3	images/icon/20001073_icon.png	small_icon/20001073_icon.png	0
20001074	蟬隱刀	洛薩		這麼薄的刀怎麼用	1	34	5|9	30|15	30|50|80	12|6	24|12	36|18	0	0	150	20001057|20001076	1|1	0	0	5000	7500	0	0	0	0	40	0	0	0	0	999	3	images/icon/20001074_icon.png	small_icon/20001074_icon.png	0
20001075	神魔披肩	黑黃			1	42	1|5|8	10|24|10	30|50|80	4|8|3	8|16|6	12|24|9	0	0	150	20001050|20001051|30001027	1|1|1	0	0	5000	13000	0	0	0	0	54	0	0	0	0	999	3	images/icon/20001075_icon.png	small_icon/20001075_icon.png	0
20001076	綠曜石	暗影符		像是一隻眼睛在盯著你	1	25	9	15	30|50|80	5	10	15	0	0	150	60001010	5	0	0	1500	4000	0	0	0	0	20	0	0	0	0	999	3	images/icon/20001076_icon.png	small_icon/20001076_icon.png	0
20001077	玉石	振魂石			1	35	4|6|11|12	350|40|100|32	30|50|80	120|12|30|10	240|24|60|20	360|36|90|30	0	0	150	20001033|20001034|20001027	1|1|1	0	0	5000	8250	0	0	0	0	18	0	0	0	0	999	3	images/icon/20001077_icon.png	small_icon/20001077_icon.png	0
20001078	破魔之刃	散失			1	35	2|3|5	4|22|20	30|50|80	2|10|8	4|20|16	6|30|24	0	0	150	20001053|20001053|20001020|30001020	1|1|1|1	0	0	5000	9475	0	0	0	0	62	0	0	0	0	999	3	images/icon/20001078_icon.png	small_icon/20001078_icon.png	0
20001079	三尖兩刃刀	狂戰斧		咦 我的狗呢	1	43	5|11|12	65|140|50	30|50|80	20|40|10	40|80|20	60|120|30	0	0	150	20001057|20001062|20001060	1|1|1	0	0	5000	7375	0	0	0	0	52	0	0	0	0	999	3	images/icon/20001079_icon.png	small_icon/20001079_icon.png	0
20001080	太平要術	小人書		年輕人，多看點書沒有壞處！	1	43	1|2|4|5|6	8|15|200|21|21	30|50|80	2|4|50|6|6	4|8|100|12|12	6|12|150|18|18	0	0	150	20001054|20001016|30001026	1|1|1	0	0	5000	8975	0	0	0	0	48	0	0	0	0	999	3	images/icon/20001080_icon.png	small_icon/20001080_icon.png	0
20001081	雌雄雙股劍	雙刀		通過絲綢之路進口的造型奇特的雙刀	1	35	1|3|5|9	16|16|12|12	30|50|80	5|5|4|4	10|10|8|8	15|15|12|12	0	0	150	20001055|20001056	1|1	0	0	5000	6050	0	0	0	0	48	0	0	0	0	999	3	images/icon/20001081_icon.png	small_icon/20001081_icon.png	0
20001082	白羽扇	藍杖		不要亂扯！羽毛快掉光啦！	1	35	1|2|3|4|10	10|10|10|200|10	30|50|80	3|3|3|60|3	6|6|6|120|6	9|9|9|180|9	0	0	150	20001027|20001050|20001053|20001054	1|1|1|1	0	0	5000	8100	0	0	0	0	48	0	0	0	0	999	3	images/icon/20001082_icon.png	small_icon/20001082_icon.png	0
20001083	梨花槍	阿托斯			1	42	2|4|15	25|325|5	30|50|80	6|60|2	12|120|4	18|180|6	0	0	150	20001054|20001054|20001027	1|1|1	0	0	5000	5600	0	0	0	0	34	0	0	0	0	999	3	images/icon/20001083_icon.png	small_icon/20001083_icon.png	0
20001084	流星錘	碎骨錘		我也有流星，為啥不能許願！	1	44	1|5|9	3|40|10	30|50|80	1|15|4	2|30|8	3|45|12	0	0	150	20001058|20001016|30001022	1|1|1	0	0	5000	8975	0	0	0	0	44	0	0	0	0	999	3	images/icon/20001084_icon.png	small_icon/20001084_icon.png	0
20001085	玉柴頭巾	紛爭			1	41	2|15	12|12	30|50|80	4|3	8|6	12|9	0	0	180	20001030|20001020|20001020|30001025	1|1|1|1	0	0	5000	7175	0	0	0	0	34	0	0	0	0	999	3	images/icon/20001085_icon.png	small_icon/20001085_icon.png	0
20001086	龍舞劍	暗滅		據說斬過龍	1	44	5|14	60|7	30|50|80	12|2	24|4	36|6	0	0	150	20001051|20001051|30001023	1|1|1	0	0	5000	14000	0	0	0	0	60	0	0	0	0	999	3	images/icon/20001086_icon.png	small_icon/20001086_icon.png	0
20001087	天兵戰甲	強襲			1	51	7|9|14	15|35|5	60|100|160|300|500	5|5|1	10|10|2	15|15|3	20|20|4	25|25|5	180	20001101|20001065|20001035|30001033	1|1|1|1	0	0	18000	27275	0	0	0	0	186	0	0	0	0	999	4	images/icon/20001087_icon.png	small_icon/20001087_icon.png	0
20001088	血魔石	血晶石			1	45	4|6|11|12|19	400|48|200|30|20	30|50|80	50|6|20|10|2	100|12|40|20|4	150|18|60|30|6	0	0	150	20001077|20001060	1|1	0	0	5000	9125	0	0	0	0	30	0	0	0	0	999	3	images/icon/20001088_icon.png	small_icon/20001088_icon.png	0
20001089	治療之石2階	梅肯2階		還不治就沒得治了	1	41	1|2|3|14|19	5|5|5|5|20	30|50|80	1|1|1|2|2	2|2|2|4|4	3|3|3|6|6	0	0	150	20001049|20001049	1|1	0	0	5000	4612	0	0	0	0	52	0	0	0	0	999	3	images/icon/20001089_icon.png	small_icon/20001089_icon.png	0
20001090	祭靈法杖	羊刀			1	53	1|2|3|12|15	10|35|10|110|10	60|100|160|300|500	2|7|2|20|2	4|14|4|40|4	6|21|6|60|6	8|28|8|80|8	10|35|10|100|10	180	20001095|20001025|20001091|30001037	1|1|1|1	0	0	18000	34437	0	0	0	0	266	0	0	0	0	999	4	images/icon/20001090_icon.png	small_icon/20001090_icon.png	0
20001091	水源玉	極限球			1	48	1|2|3	10|10|10	60|100|160|300|500	5|5|5	10|10|10	15|15|15	20|20|20	25|25|25	180	60001011	20	0	0	6000	10500	0	0	0	0	100	0	0	0	0	999	4	images/icon/20001091_icon.png	small_icon/20001091_icon.png	0
20001092	百辟寶刀	惡魔刀鋒		百辟寶刀之一，長三尺二才，狀如龍紋，名曰龍鱗	1	50	5	46	60|100|160|300|500	25	50	75	100	125	180	60001012	20	0	0	6000	12000	0	0	0	0	80	0	0	0	0	999	4	images/icon/20001092_icon.png	small_icon/20001092_icon.png	0
20001093	電鏈雷錘	小電錘		要帶上絕緣手套才能使用	1	43	5|9	24|15	30|50|80	12|7	24|14	36|21	0	0	150	20001051|20001023|30001017	1|1|1	0	0	5000	7250	0	0	0	0	46	0	0	0	0	999	3	images/icon/20001093_icon.png	small_icon/20001093_icon.png	0
20001094	八卦鏡	長笛		“我一點也不八卦”	1	52	8|11	35|100	60|100|160|300|500	10|20	20|40	30|60	40|80	50|100	180	20001047|20001015|30001032	1|1|1	0	0	18000	10364	0	0	0	0	147	0	0	0	0	999	4	images/icon/20001094_icon.png	small_icon/20001094_icon.png	0
20001095	太極扇	水晶法杖		太極仙翁留下的	1	49	2	25	60|100|160|300|500	16	32	48	64	80	180	60001013	20	0	0	1500	2500	4500	0	0	0	50	0	0	0	0	999	4	images/icon/20001095_icon.png	small_icon/20001095_icon.png	0
20001096	封魔天書	紫苑		魔法！封禁！	1	51	2|5|9|12	25|30|15|100	60|100|160|300|500	8|10|5|20	16|20|10|40	24|30|15|60	32|40|20|80	40|50|25|100	180	20001039|20001039|30001031	1|1|1	0	0	18000	9425	0	0	0	0	188	0	0	0	0	999	4	images/icon/20001096_icon.png	small_icon/20001096_icon.png	0
20001097	幻影之矛	分身斧		擼多了吧？快去看看眼科	1	53	1|2|3|4|9	10|10|26|250|16	60|100|160|300|500	3|3|6|80|5	6|6|12|160|10	9|9|18|240|15	12|12|24|320|20	15|15|30|400|25	180	20001091|20001056|30001030	1|1|1	0	0	18000	20025	0	0	0	0	244	0	0	0	0	999	4	images/icon/20001097_icon.png	small_icon/20001097_icon.png	0
20001098	紅炎之杖2階	紅杖2階			1	51	2|6|10	17|60|10	60|100|160|300|500	5|20|3	10|40|6	15|60|9	20|80|12	25|100|15	180	20001072|20001072	1|1	0	0	18000	17970	0	0	0	0	100	0	0	0	0	999	4	images/icon/20001098_icon.png	small_icon/20001098_icon.png	0
20001099	霸龍槍	天堂		狩獵開始！	1	64	1|5|9|13	20|20|30|25	60|100|160|300|500	5|5|5|5	10|10|10|10	15|15|15|15	20|20|20|20	25|25|25|25	180	20001055|20001102	1|1	0	0	18000	21025	0	0	0	0	224	0	0	0	0	999	4	images/icon/20001099_icon.png	small_icon/20001099_icon.png	0
20001100	紅龍鱗甲	林肯		還帶者紅龍的氣息	1	59	1|2|3|5|8	15|15|15|10|15	60|100|160|300|500	4|4|4|3|4	8|8|8|6|8	12|12|12|9|12	16|16|16|12|16	20|20|20|15|20	180	20001060|20001091|30001034	1|1|1	0	0	18000	24625	0	0	0	0	232	0	0	0	0	999	4	images/icon/20001100_icon.png	small_icon/20001100_icon.png	0
20001101	閃耀之石	振奮寶石		光彩奪目！	1	49	9	25	60|100|160|300|500	12	24	36	48	60	180	60001014	20	0	0	6000	10500	0	0	0	0	80	0	0	0	0	999	4	images/icon/20001101_icon.png	small_icon/20001101_icon.png	0
20001102	羅生鐲	閃避項鍊			1	47	13	20	60|100|160|300|500	5	10	15	20	25	180	60001015	20	0	0	6000	18000	0	0	0	0	200	0	0	0	0	999	4	images/icon/20001102_icon.png	small_icon/20001102_icon.png	0
20001103	陰陽八卦陣	刷新球			1	60	2|5|11|12|18	6|40|200|100|15	60|100|160|300|500	5|12|60|30|2	10|24|120|60|4	15|36|180|90|6	20|48|240|120|8	25|60|300|150|10	180	20001039|20001060|30001035	1|1|1	0	0	18000	20462	0	0	0	0	186	0	0	0	0	999	4	images/icon/20001103_icon.png	small_icon/20001103_icon.png	0
20001104	雷光破天錘	大電錘			1	62	5|9	48|40	60|100|160|300|500	12|10	24|20	36|30	48|40	60|50	180	20001093|20001101|30001029	1|1|1	0	0	18000	23750	0	0	0	0	206	0	0	0	0	999	4	images/icon/20001104_icon.png	small_icon/20001104_icon.png	0
20001105	太平要術2階	小人書2階			1	63	1|2|4|5|6	12|21|300|31|31	60|100|160|300|500	3|5|80|8|8	6|10|160|16|16	9|15|240|24|24	12|20|320|32|32	15|25|400|40|40	180	20001080|20001080	1|1	0	0	18000	17950	0	0	0	0	96	0	0	0	0	999	4	images/icon/20001105_icon.png	small_icon/20001105_icon.png	0
20001106	龍影槍	金箍棒			1	64	5|9|14	88|15|10	60|100|160|300|500	20|3|2	40|6|4	60|9|6	80|12|8	100|15|10	180	20001058|20001058|20001092|30001036	1|1|1|1	0	0	18000	29500	0	0	0	0	200	0	0	0	0	999	4	images/icon/20001106_icon.png	small_icon/20001106_icon.png	0
20001107	極凍豪龍槍	冰眼		不用時請放在冰箱裡！	1	65	1|2|3|4|5|6	25|25|25|250|30|60	60|100|160|300|500	4|4|4|40|4|8	8|8|8|80|8|16	12|12|12|120|12|24	16|16|16|160|16|32	20|20|20|200|20|40	180	20001091|20001091|20001027|20001066	1|1|1|1	0	0	18000	21737	0	0	0	0	210	0	0	0	0	999	4	images/icon/20001107_icon.png	small_icon/20001107_icon.png	0
20001108	輟斧	掠奪之斧			1	65	1	25	60|100|160|300|500	16	32	48	64	80	180	60001016	50	0	0	15000	32000	0	0	0	0	300	0	0	0	0	999	4	images/icon/20001108_icon.png	small_icon/20001108_icon.png	0
20001109	治療之石3階	梅肯3階			1	62	1|2|3|14|19	5|5|5|5|30	60|100|160|300|500	2|2|2|2|3	4|4|4|4|6	6|6|6|6|9	8|8|8|8|12	10|10|10|10|15	180	20001089|20001089	1|1	0	0	18000	23060	0	0	0	0	104	0	0	0	0	999	4	images/icon/20001109_icon.png	small_icon/20001109_icon.png	0
20001110	破魔之刃2階	散失2階			1	61	2|3|5	12|28|40	60|100|160|300|500	4|8|15	8|16|30	12|24|45	16|32|60	20|40|75	180	20001078|20001078	1|1	0	0	18000	18950	0	0	0	0	124	0	0	0	0	999	4	images/icon/20001110_icon.png	small_icon/20001110_icon.png	0
20001111	太平要術3階	小人書3階			1	74	1|2|4|5|6	16|24|400|41|41	60|100|160|300|500	3|5|80|8|8	6|10|160|16|16	9|15|240|24|24	12|20|320|32|32	15|25|400|40|40	180	20001105|20001105	1|1	0	0	36000	35900	0	0	0	0	192	0	0	0	0	999	4	images/icon/20001111_icon.png	small_icon/20001111_icon.png	0
20001112	魂劍	遠古遺物		感覺靈魂都要被吸進去了	1	70	5	60	60|100|160|300|500	30	60	90	120	150	180	60001017	50	0	0	15000	38000	0	0	0	0	400	0	0	0	0	999	4	images/icon/20001112_icon.png	small_icon/20001112_icon.png	0
20001113	養由弓	角鷹弓		這可是皇帝用過的高級貨	1	66	3	25	60|100|160|300|500	16	32	48	64	80	180	60001018	50	0	0	15000	33000	0	0	0	0	400	0	0	0	0	999	4	images/icon/20001113_icon.png	small_icon/20001113_icon.png	0
20001114	玄冰銀光鎧	冰甲		冰冷冷亮晶晶！	1	70	2|7	30|40	60|100|160|300|500	6|8	12|16	18|24	24|32	30|40	180	20001095|20001065|30001038	1|1|1	0	0	36000	23000	0	0	0	0	500	0	0	0	0	999	4	images/icon/20001114_icon.png	small_icon/20001114_icon.png	0
20001115	虛魂劍	虛靈			1	80	1|2|3|6|10	10|10|40|15|30	60|100|160|300|500	2|2|8|3|6	4|4|16|6|12	6|6|24|9|18	8|8|32|12|24	10|10|40|15|30	180	20001113|20001052	1|1	0	0	36000	37000	0	0	0	0	420	0	0	0	0	999	4	images/icon/20001115_icon.png	small_icon/20001115_icon.png	0
20001116	金光鴛鴦鉞	光耀		整個人都金閃閃了	1	80	5|14	100|10	60|100|160|300|500	15|3	30|6	45|9	60|12	75|15	180	20001112|30001042	1|1	0	0	36000	51500	0	0	0	0	700	0	0	0	0	999	4	images/icon/20001116_icon.png	small_icon/20001116_icon.png	0
20001117	無雙戰甲	龍心			1	72	1|4|11	40|600|600	60|100|160|300|500	8|120|120	16|240|240	24|360|360	32|480|480	40|600|600	180	20001034|20001108|30001041	1|1|1	0	0	36000	44500	0	0	0	0	606	0	0	0	0	999	4	images/icon/20001117_icon.png	small_icon/20001117_icon.png	0
20001118	白鳥朝鳳槍	蝴蝶			1	73	3|5|9|13	30|30|30|30	60|100|160|300|500	5|5|5|5	10|10|10|10	15|15|15|15	20|20|20|20	25|25|25|25	180	20001113|20001102|20001029	1|1|1	0	0	36000	51450	0	0	0	0	606	0	0	0	0	999	4	images/icon/20001118_icon.png	small_icon/20001118_icon.png	0
20001119	方天畫戟	大炮		威力破表的畫戟，不過使用起來很需要技巧	1	79	5|9	81|50	60|100|160|300|500	15|8	30|16	45|24	60|32	75|40	180	20001092|20001064|30001039	1|1|1	0	0	36000	27725	0	0	0	0	524	0	0	0	0	999	4	images/icon/20001119_icon.png	small_icon/20001119_icon.png	0
20001120	青龍偃月刀	撒旦		斬！	1	80	1|5|7|16	25|50|15|25	60|100|160|300|500	5|10|3|5	10|20|6|10	15|30|9|15	20|40|12|20	25|50|15|25	180	20001043|20001108|30001040	1|1|1	0	0	36000	43925	0	0	0	0	612	0	0	0	0	999	4	images/icon/20001120_icon.png	small_icon/20001120_icon.png	0
20001121	倚天劍	深淵之刃			1	78	1|5|9	10|100|30	60|100|160|300|500	2|20|5	4|40|10	6|60|15	8|80|20	10|100|25	180	20001112|20001084	1|1	0	0	36000	46975	0	0	0	0	444	0	0	0	0	999	4	images/icon/20001121_icon.png	small_icon/20001121_icon.png	0
20001122	紅炎之杖3階	紅杖3階			1	78	2|6|10	19|90|30	60|100|160|300|500	4|20|5	8|40|10	12|60|15	16|80|20	20|100|25	180	20001098|20001098	1|1	0	0	36000	35940	0	0	0	0	200	0	0	0	0	999	4	images/icon/20001122_icon.png	small_icon/20001122_icon.png	0
20001123	治療之石4階	梅肯4階			1	77	1|2|3|14|19	5|5|5|5|40	60|100|160|300|500	3|3|3|3|3	6|6|6|6|6	9|9|9|9|9	12|12|12|12|12	15|15|15|15|15	180	20001109|20001109	1|1	0	0	36000	46120	0	0	0	0	208	0	0	0	0	999	4	images/icon/20001123_icon.png	small_icon/20001123_icon.png	0
20001124	破魔之刃3階	散失3階			1	79	2|3|5	20|34|60	60|100|160|300|500	5|8|15	10|16|30	15|24|45	20|32|60	25|40|75	180	20001110|20001110	1|1	0	0	36000	37900	0	0	0	0	248	0	0	0	0	999	4	images/icon/20001124_icon.png	small_icon/20001124_icon.png	0
20001125	紅炎之杖4階	紅杖4階			1	80	2|6|10	21|140|50	60|100|160|300|500	4|20|5	8|40|10	12|60|15	16|80|20	20|100|25	0	20001122|20001122	1|1	0	0	36000	71880	0	0	0	0	400	0	0	0	0	999	4	images/icon/20001125_icon.png	small_icon/20001125_icon.png	0
30001001	布質腰帶卷軸	智力掛件卷軸	可以合成智力掛件		2	1	0	0	0	0	0	0	0	0	0	0	0	0	0	0	67	105	0	0	0	2	0	0	200012|500002|800012|1200007|200025	0	999	1	images/icon/30001001_icon.png		0
30001002	刺客腰帶卷軸	敏捷系帶卷軸	可以合成敏捷系帶		2	1	0	0	0	0	0	0	0	0	0	0	0	0	0	0	75	5000	0	0	0	2	0	0	200015|400014|900016|1200012	0	999	1	images/icon/30001002_icon.png		0
30001003	青銅肩甲卷軸	力量護腕卷軸	可以合成力量護腕		2	1	0	0	0	0	0	0	0	0	0	0	0	0	0	0	95	0	0	300	0	2	0	0	200005|500011|1000016|1100018	0	999	1	images/icon/30001003_icon.png		0
30001004	絲質圍巾卷軸	回復之巾卷軸	可以合成回復之巾		2	1	0	0	0	0	0	0	0	0	0	0	0	0	0	0	100	0	0	0	0	2	0	0	200021|500020|1100018|1200004|200028	0	999	1	images/icon/30001004_icon.png		0
30001005	碧玉戒指卷軸	魂戒卷軸	可以合成魂戒		2	1	0	0	0	0	0	0	0	0	0	0	0	0	0	0	62	0	0	0	0	6	0	0	300012|600020|1100015|300020|600028	0	999	2	images/icon/30001005_icon.png		0
30001006	大靈玉卷軸	大魔杖卷軸	可以合成大魔杖		2	1	0	0	0	0	0	0	0	0	0	0	0	0	0	0	75	0	0	0	0	4	0	0	300009|600018|1000016|1200010|300019	0	999	2	images/icon/30001006_icon.png		0
30001007	玄鐵盾牌卷軸	玄鐵盾牌卷軸	可以合成玄鐵盾牌		2	1	0	0	0	0	0	0	0	0	0	0	0	0	0	0	100	0	0	0	0	6	0	0	300012|600020|1100020|300020|600028	0	999	2	images/icon/30001007_icon.png		0
30001008	暴戾之牙卷軸	勇氣勳章卷軸	可以合成暴戾之牙		2	1	0	0	0	0	0	0	0	0	0	0	0	0	0	0	100	0	0	0	0	6	0	0	400016|700003|1000013|400025|700021	0	999	2	images/icon/30001008_icon.png		0
30001009	藥罐卷軸	命匣卷軸	可以合成藥罐		2	1	0	0	0	0	0	0	0	0	0	0	0	0	0	0	125	0	0	0	0	6	0	0	400016|700009|1100015|400025|700023	0	999	2	images/icon/30001009_icon.png		0
30001010	元帥戰旗卷軸	祭品卷軸	可以合成元帥戰旗		2	1	0	0	0	0	0	0	0	0	0	0	0	0	0	0	150	0	0	0	0	6	0	0	600013|800009|900006|600025|800023	0	999	2	images/icon/30001010_icon.png		0
30001011	雄劍卷軸	散華卷軸	可以合成雄劍		2	1	0	0	0	0	0	0	0	0	0	0	0	0	0	0	300	0	0	0	0	6	0	0	400005|700015|1000016|400021|700025	0	999	2	images/icon/30001011_icon.png		0
30001012	雌劍卷軸	夜叉卷軸	可以合成雌劍		2	1	0	0	0	0	0	0	0	0	0	0	0	0	0	0	300	0	0	0	0	6	0	0	300016|700012|1000010|1100020	0	999	2	images/icon/30001012_icon.png		0
30001013	兵符卷軸	戰鼓卷軸	可以合成兵符		2	1	0	0	0	0	0	0	0	0	0	0	0	0	0	0	400	0	0	0	0	6	0	0	400019|800009|900003|400026|800023	0	999	2	images/icon/30001013_icon.png		0
30001014	治療之石卷軸	梅肯卷軸	可以合成治療之石		2	1	0	0	0	0	0	0	0	0	0	0	0	0	0	0	450	0	0	0	0	6	0	0	400008|700018|1200015|400022|700026	0	999	2	images/icon/30001014_icon.png		0
30001015	瘋臉卷軸	瘋臉卷軸	可以合成瘋臉		2	1	0	0	0	0	0	0	0	0	0	0	0	0	0	0	500	0	0	0	0	6	0	0	400005|800003|1000002|400021|800021	0	999	2	images/icon/30001015_icon.png		0
30001016	古錠刀卷軸	水晶劍卷軸	可以合成古錠刀		2	1	0	0	0	0	0	0	0	0	0	70001001	5	0	0	1500	2500	0	0	0	0	4	0	0	0	0	999	3	images/icon/30001016_icon.png		0
30001017	電鏈雷錘卷軸	小電錘卷軸	可以合成電鏈雷錘		2	1	0	0	0	0	0	0	0	0	0	70001002	5	0	0	1500	3000	0	0	0	0	20	0	0	0	0	999	3	images/icon/30001017_icon.png		0
30001018	飛升法杖卷軸	風杖卷軸	可以合成飛升法杖		2	1	0	0	0	0	0	0	0	0	0	70001003	5	0	0	1500	3000	0	0	0	0	20	0	0	0	0	999	3	images/icon/30001018_icon.png		0
30001019	暴戾手套卷軸	鬼手卷軸	可以合成暴戾手套		2	1	0	0	0	0	0	0	0	0	0	70001004	5	0	0	1500	3500	0	0	0	0	20	0	0	0	0	999	3	images/icon/30001019_icon.png		0
30001020	破魔之刃卷軸	散失卷軸	可以合成破魔之刃		2	1	0	0	0	0	0	0	0	0	0	70001005	5	0	0	1500	4250	0	0	0	0	30	0	0	0	0	999	3	images/icon/30001020_icon.png		0
30001021	轉移法杖卷軸	推推棒卷軸	可以合成轉移法杖		2	1	0	0	0	0	0	0	0	0	0	70001006	5	0	0	1500	4500	0	0	0	0	4	0	0	0	0	999	3	images/icon/30001021_icon.png		0
30001022	流星錘卷軸	碎骨錘卷軸	可以合成流星錘		2	1	0	0	0	0	0	0	0	0	0	70001007	5	0	0	1500	5000	0	0	0	0	4	0	0	0	0	999	3	images/icon/30001022_icon.png		0
30001023	龍舞劍卷軸	暗滅卷軸	可以合成龍舞劍		2	1	0	0	0	0	0	0	0	0	0	70001008	5	0	0	1500	6000	0	0	0	0	20	0	0	0	0	999	3	images/icon/30001023_icon.png		0
30001024	紅炎之杖卷軸	紅杖卷軸	可以合成紅炎之杖		2	1	0	0	0	0	0	0	0	0	0	70001009	5	0	0	1500	6250	0	0	0	0	30	0	0	0	0	999	3	images/icon/30001024_icon.png		0
30001025	玉柴頭巾卷軸	紛爭卷軸	可以合成玉柴頭巾		2	1	0	0	0	0	0	0	0	0	0	70001010	5	0	0	1500	6250	0	0	0	0	20	0	0	0	0	999	3	images/icon/30001025_icon.png		0
30001026	太平要術卷軸	小人書卷軸	可以合成太平要術		2	1	0	0	0	0	0	0	0	0	0	70001011	5	0	0	1500	6250	0	0	0	0	30	0	0	0	0	999	3	images/icon/30001026_icon.png		0
30001027	神魔披肩卷軸	黑黃卷軸	可以合成神魔披肩		2	1	0	0	0	0	0	0	0	0	0	70001012	5	0	0	1500	6500	0	0	0	0	20	0	0	0	0	999	3	images/icon/30001027_icon.png		0
30001028	輕盈之靴卷軸	飛鞋卷軸	可以合成輕盈之靴		2	1	0	0	0	0	0	0	0	0	0	70001013	5	0	0	1500	10000	0	0	0	0	20	0	0	0	0	999	3	images/icon/30001028_icon.png		0
30001029	雷光破天錘卷軸	大電錘卷軸	可以合成雷光破天錘		2	1	0	0	0	0	0	0	0	0	0	70001014	20	0	0	6000	6000	0	0	0	0	80	0	0	0	0	999	4	images/icon/30001029_icon.png		0
30001030	幻影之矛卷軸	分身斧卷軸	可以合成幻影之矛		2	1	0	0	0	0	0	0	0	0	0	70001015	20	0	0	6000	6500	0	0	0	0	120	0	0	0	0	999	4	images/icon/30001030_icon.png		0
30001031	封魔天書卷軸	紫苑卷軸	可以合成封魔天書		2	1	0	0	0	0	0	0	0	0	0	70001016	20	0	0	6000	7750	0	0	0	0	160	0	0	0	0	999	4	images/icon/30001031_icon.png		0
30001032	八卦鏡卷軸	長笛卷軸	可以合成八卦鏡		2	1	0	0	0	0	0	0	0	0	0	70001017	20	0	0	6000	9000	0	0	0	0	120	0	0	0	0	999	4	images/icon/30001032_icon.png		0
30001033	天兵戰甲卷軸	強襲卷軸	可以合成天兵戰甲		2	1	0	0	0	0	0	0	0	0	0	70001018	20	0	0	6000	13000	0	0	0	0	4	0	0	0	0	999	4	images/icon/30001033_icon.png		0
30001034	紅龍鱗甲卷軸	林肯卷軸	可以合成紅龍鱗甲		2	1	0	0	0	0	0	0	0	0	0	70001019	20	0	0	6000	13250	0	0	0	0	120	0	0	0	0	999	4	images/icon/30001034_icon.png		0
30001035	陰陽八卦陣卷軸	刷新球卷軸	可以合成陰陽八卦陣		2	1	0	0	0	0	0	0	0	0	0	70001020	20	0	0	6000	18750	0	0	0	0	8	0	0	0	0	999	4	images/icon/30001035_icon.png		0
30001036	龍影槍卷軸	金箍棒卷軸	可以合成龍影槍		2	1	0	0	0	0	0	0	0	0	0	70001021	20	0	0	6000	10000	0	0	0	0	80	0	0	0	0	999	4	images/icon/30001036_icon.png		0
30001037	祭靈法杖卷軸	羊刀卷軸	可以合成祭靈法杖		2	1	0	0	0	0	0	0	0	0	0	70001022	20	0	0	6000	10000	0	0	0	0	80	0	0	0	0	999	4	images/icon/30001037_icon.png		0
30001038	玄冰銀光鎧卷軸	冰甲卷軸	可以合成玄冰銀光鎧		2	1	0	0	0	0	0	0	0	0	0	70001023	50	0	0	15000	13500	0	0	0	0	400	0	0	0	0	999	4	images/icon/30001038_icon.png		0
30001039	方天畫戟卷軸	大炮卷軸	可以合成方天畫戟		2	1	0	0	0	0	0	0	0	0	0	70001024	50	0	0	15000	10000	0	0	0	0	400	0	0	0	0	999	4	images/icon/30001039_icon.png		0
30001040	青龍偃月刀卷軸	撒旦卷軸	可以合成青龍偃月刀		2	1	0	0	0	0	0	0	0	0	0	70001025	50	0	0	15000	11000	0	0	0	0	6	0	0	0	0	999	4	images/icon/30001040_icon.png		0
30001041	無雙戰甲卷軸	龍心卷軸	可以合成無雙戰甲		2	1	0	0	0	0	0	0	0	0	0	70001026	50	0	0	15000	12000	0	0	0	0	300	0	0	0	0	999	4	images/icon/30001041_icon.png		0
30001042	金光鴛鴦鉞卷軸	光耀卷軸	可以合成金光鴛鴦鉞		2	1	0	0	0	0	0	0	0	0	0	70001027	50	0	0	15000	13500	0	0	0	0	300	0	0	0	0	999	4	images/icon/30001042_icon.png		0
40001001	呂萌靈魂石	呂萌靈魂石			3	1	0	0	0	0	0	0	0	0	0	0	0	0	0	0	4000	20000	0	0	0	0	0	0	0	0	999	3	images/avatars/10001001.png		10001001
40001002	祝融靈魂石	祝融靈魂石			3	1	0	0	0	0	0	0	0	0	0	0	0	0	0	0	4000	20000	0	0	0	0	0	0	0	0	999	3	images/avatars/10001002.png		10001002
40001003	孫尚香靈魂石	孫尚香靈魂石			3	1	0	0	0	0	0	0	0	0	0	0	0	0	0	0	4000	20000	0	0	0	0	0	0	0	0	999	3	images/avatars/10001003.png		10001003
40001004	張角靈魂石	張角靈魂石			3	1	0	0	0	0	0	0	0	0	0	0	0	0	0	0	4000	20000	0	0	0	0	0	0	0	0	999	3	images/avatars/10001004.png		10001004
40001005	大喬靈魂石	大喬靈魂石			3	1	0	0	0	0	0	0	0	0	0	0	0	0	0	0	4000	20000	0	0	0	0	0	0	0	0	999	3	images/avatars/10001005.png		10001005
40001006	魏延靈魂石	魏延靈魂石			3	1	0	0	0	0	0	0	0	0	0	0	0	0	0	0	4000	0	0	40	0	0	0	0	0	0	999	3	images/avatars/10001006.png		10001006
40001007	賈詡靈魂石	賈詡靈魂石			3	1	0	0	0	0	0	0	0	0	0	0	0	0	0	0	4000	0	0	40	0	0	0	0	0	0	999	3	images/avatars/10001007.png		10001007
40001008	劉備靈魂石	劉備靈魂石			3	1	0	0	0	0	0	0	0	0	0	0	0	0	0	0	4000	20000	0	0	0	0	0	0	0	0	999	3	images/avatars/10001008.png		10001008
40001009	于吉靈魂石	于吉靈魂石			3	1	0	0	0	0	0	0	0	0	0	0	0	0	0	0	4000	0	0	40	0	0	0	0	0	0	999	3	images/avatars/10001009.png		10001009
40001010	龐德靈魂石	龐德靈魂石			3	1	0	0	0	0	0	0	0	0	0	0	0	0	0	0	4000	0	0	40	0	0	0	0	0	0	999	3	images/avatars/10001010.png		10001010
40001011	許褚靈魂石	許褚靈魂石			3	1	0	0	0	0	0	0	0	0	0	0	0	0	0	0	4000	0	0	40	0	0	0	0	0	0	999	3	images/avatars/10001011.png		10001011
40001012	孫策靈魂石	孫策靈魂石			3	1	0	0	0	0	0	0	0	0	0	0	0	0	0	0	4000	0	0	40	0	0	0	0	0	0	999	3	images/avatars/10001012.png		10001012
40001013	李儒靈魂石	李儒靈魂石			3	1	0	0	0	0	0	0	0	0	0	0	0	0	0	0	4000	0	0	40	0	0	0	0	0	0	999	3	images/avatars/10001013.png		10001013
40001014	張春華靈魂石	張春華靈魂石			3	1	0	0	0	0	0	0	0	0	0	0	0	0	0	0	4000	0	0	40	0	0	0	0	0	0	999	3	images/avatars/10001014.png		10001014
40001015	黃忠靈魂石	黃忠靈魂石			3	1	0	0	0	0	0	0	0	0	0	0	0	0	0	0	4000	0	0	40	0	0	0	0	0	0	999	3	images/avatars/10001015.png		10001015
40001016	典韋靈魂石	典韋靈魂石			3	1	0	0	0	0	0	0	0	0	0	0	0	0	0	0	4000	0	0	40	0	0	0	0	0	0	999	3	images/avatars/10001016.png		10001016
40001017	張遼靈魂石	張遼靈魂石			3	1	0	0	0	0	0	0	0	0	0	0	0	0	0	0	4000	0	0	40	0	0	0	0	0	0	999	3	images/avatars/10001017.png		10001017
40001018	程昱靈魂石	程昱靈魂石			3	1	0	0	0	0	0	0	0	0	0	0	0	0	0	0	4000	0	0	40	0	0	0	0	0	0	999	3	images/avatars/10001018.png		10001018
40001019	馬忠靈魂石	馬忠靈魂石			3	1	0	0	0	0	0	0	0	0	0	0	0	0	0	0	4000	20000	0	0	0	0	0	0	0	0	999	3	images/avatars/10001019.png		10001019
40001020	陳宮靈魂石	陳宮靈魂石			3	1	0	0	0	0	0	0	0	0	0	0	0	0	0	0	4000	20000	0	0	0	0	0	0	0	0	999	3	images/avatars/10001020.png		10001020
40001021	曹仁靈魂石	曹仁靈魂石			3	1	0	0	0	0	0	0	0	0	0	0	0	0	0	0	4000	20000	0	0	0	0	0	0	0	0	999	3	images/avatars/10001021.png		10001021
40001022	劉禪靈魂石	孫堅靈魂石			3	1	0	0	0	0	0	0	0	0	0	0	0	0	0	0	4000	20000	0	0	0	0	0	0	0	0	999	3	images/avatars/10001022.png		10001022
40001023	徐庶靈魂石	徐庶靈魂石			3	1	0	0	0	0	0	0	0	0	0	0	0	0	0	0	4000	0	0	40	0	0	0	0	0	0	999	3	images/avatars/10001023.png		10001023
40001024	華佗靈魂石	華佗靈魂石			3	1	0	0	0	0	0	0	0	0	0	0	0	0	0	0	4000	0	0	40	0	0	0	0	0	0	999	3	images/avatars/10001024.png		10001024
40001025	夏侯惇靈魂石	夏侯惇靈魂石			3	1	0	0	0	0	0	0	0	0	0	0	0	0	0	0	4000	0	0	40	0	0	0	0	0	0	999	3	images/avatars/10001025.png		10001025
40001026	曹洪靈魂石	張頜靈魂石			3	1	0	0	0	0	0	0	0	0	0	0	0	0	0	0	4000	0	0	40	0	0	0	0	0	0	999	3	images/avatars/10001026.png		10001026
40001027	徐晃靈魂石	徐晃靈魂石			3	1	0	0	0	0	0	0	0	0	0	0	0	0	0	0	4000	0	0	40	0	0	0	0	0	0	999	3	images/avatars/10001027.png		10001027
40001028	甄姬靈魂石	甄姬靈魂石			3	1	0	0	0	0	0	0	0	0	0	0	0	0	0	0	4000	0	0	40	0	0	0	0	0	0	999	3	images/avatars/10001028.png		10001028
40001029	張頜靈魂石	黃月英靈魂石			3	1	0	0	0	0	0	0	0	0	0	0	0	0	0	0	4000	0	0	40	0	0	0	0	0	0	999	3	images/avatars/10001029.png		10001029
40001030	太史慈靈魂石	太史慈靈魂石			3	1	0	0	0	0	0	0	0	0	0	0	0	0	0	0	4000	0	0	40	0	0	0	0	0	0	999	3	images/avatars/10001030.png		10001030
40001031	甘寧靈魂石	甘甯靈魂石			3	1	0	0	0	0	0	0	0	0	0	0	0	0	0	0	4000	0	0	40	0	0	0	0	0	0	999	3	images/avatars/10001031.png		10001031
40001032	關羽靈魂石	關羽靈魂石			3	1	0	0	0	0	0	0	0	0	0	0	0	0	0	0	4000	0	0	40	0	0	0	0	0	0	999	3	images/avatars/10001032.png		10001032
40001033	曹操靈魂石	曹操靈魂石			3	1	0	0	0	0	0	0	0	0	0	0	0	0	0	0	4000	0	0	40	0	0	0	2	0	0	999	3	images/avatars/10001033.png		10001033
50001001	迷你經驗飲料	經驗藥水	喝了它可以獲得60點戰姬經驗值。		4	1	0	0	0	0	0	0	0	0	0	0	0	0	0	0	400	5000	0	0	0	0	60	0	0	0	999	1	images/icon/50001001_icon.png		0
50001002	小瓶經驗飲料	經驗美酒	喝了它可以獲得300點戰姬經驗值。		4	1	0	0	0	0	0	0	0	0	0	0	0	0	0	0	1200	1000	0	0	0	0	300	0	0	0	999	2	images/icon/50001002_icon.png		0
50001003	鐵礦石	虛空塵埃	珍貴的鑄造材料，可以提供10點魔能。		4	1	0	0	0	0	0	0	0	0	0	0	0	0	0	0	600	0	0	0	0	10	0	0	0	0	999	2	images/icon/50001003_icon.png		0
50001004	中瓶經驗飲料	經驗佳釀	喝了它可以獲得1500點戰姬經驗值。		4	1	0	0	0	0	0	0	0	0	0	0	0	0	0	0	4000	0	0	0	0	0	1500	0	0	0	999	3	images/icon/50001004_icon.png		0
50001005	SX經驗飲料	經驗紅酒	喝了它可以獲得7500點戰姬經驗值。		4	1	0	0	0	0	0	0	0	0	0	0	0	0	0	0	12000	0	0	0	0	0	7500	0	0	0	999	4	images/icon/50001005_icon.png		0
50001006	銅礦石	微光粉塵	珍貴的鑄造材料，可以提供60點魔能。		4	1	0	0	0	0	0	0	0	0	0	0	0	0	0	0	3000	0	0	0	0	60	0	0	0	0	999	3	images/icon/50001006_icon.png		0
50001007	銀礦石	原力精華	珍貴的鑄造材料，可以提供200點魔能。		4	1	0	0	0	0	0	0	0	0	0	0	0	0	0	0	8000	0	0	0	0	200	0	0	0	0	999	4	images/icon/50001007_icon.png		0
50001008	礦石碎片	黃金零件	可以出售給雜貨店商人換取少量金幣。		4	1	0	0	0	0	0	0	0	0	0	0	0	0	0	0	2000	0	0	0	0	0	0	0	0	0	999	1	images/icon/50001008_icon.png		0
50001009	彩色珍珠	秘銀齒輪軸	可以出售給雜貨店商人換取金幣。		4	1	0	0	0	0	0	0	0	0	0	0	0	0	0	0	5000	0	0	0	0	0	0	0	0	0	999	2	images/icon/50001009_icon.png		0
50001010	銀行卡	機動車牌	給主公打工多年積攢下來的存款，可以出售給雜貨店商人換取巨量金幣。		4	1	0	0	0	0	0	0	0	0	0	0	0	0	0	0	50000	0	0	0	0	0	0	0	0	0	999	4	images/icon/50001010_icon.png		0
50001011	跑車鑰匙	房產證	名馬“賓士”的產權憑證，可以出售給雜貨店商人換取海量金幣。		4	1	0	0	0	0	0	0	0	0	0	0	0	0	0	0	500000	0	0	0	0	0	0	0	0	0	999	4	images/icon/50001011_icon.png		0
50001012	無暇寶石	黃金電能核心	十分稀有，可以出售給雜貨店商人換取大量金幣。		4	1	0	0	0	0	0	0	0	0	0	0	0	0	0	0	20000	0	0	0	0	0	0	0	0	0	999	3	images/icon/50001012_icon.png		0
50001013	掃蕩券	掃蕩券	用來快速通關的稀有票券。		4	1	0	0	0	0	0	0	0	0	0	0	0	0	0	0	100	0	0	0	0	0	0	0	0	0	999	3	images/icon/50001013_icon.png		0
50001014	薯條	薯條	吃了它可以回復6點體力，最多可攜帶99個。		4	1	0	0	0	0	0	0	0	0	0	0	0	0	0	0	1200	0	0	0	6	0	0	0	0	0	99	2	images/icon/50001014_icon.png		0
50001015	關東煮	關東煮	吃了它可以回復18點體力，最多可攜帶99個。		4	1	0	0	0	0	0	0	0	0	0	0	0	0	0	0	3000	0	0	0	18	0	0	0	0	0	99	3	images/icon/50001015_icon.png		0
50001016	炸豬排	炸豬排	吃了它可以回復30點體力，最多可攜帶99個。		4	1	0	0	0	0	0	0	0	0	0	0	0	0	0	0	6000	0	0	0	30	0	0	0	0	0	99	4	images/icon/50001016_icon.png		0
60001001	力量戰斧碎片	力量之斧碎片	力量戰斧碎片		5	1	0	0	0	0	0	0	0	0	0	0	0	20001050	5	1500	500	0	0	0	0	3	0	0	400019|700015|800018|1100018	0	999	3	images/icon/20001050_icon.png		0
60001002	龍槍碎片	秘銀錘碎片	龍槍碎片		5	1	0	0	0	0	0	0	0	0	0	0	0	20001051	5	1500	800	0	0	0	0	4	0	0	400019|700006|900006|400026|600027	0	999	3	images/icon/20001051_icon.png		0
60001003	巫師之杖碎片	綠杖碎片	巫師之杖碎片		5	1	0	0	0	0	0	0	0	0	0	0	0	20001052	5	1500	800	0	0	0	0	4	0	0	400008|700006|1000005	0	999	3	images/icon/20001052_icon.png		0
60001004	敏捷匕首碎片	敏捷之刃碎片	敏捷匕首碎片		5	1	0	0	0	0	0	0	0	0	0	0	0	20001053	5	1500	500	0	0	0	0	3	0	0	400011|900020|1100006|400023	0	999	3	images/icon/20001053_icon.png		0
60001005	智慧法杖碎片	智力法杖碎片	智慧法杖碎片		5	1	0	0	0	0	0	0	0	0	0	0	0	20001054	5	1500	500	0	0	0	0	3	0	0	400008|600015|900018|1200010|400022	0	999	3	images/icon/20001054_icon.png		0
60001006	大劍碎片	大劍碎片	大劍碎片		5	1	0	0	0	0	0	0	0	0	0	0	0	20001057	5	1500	700	0	0	0	0	4	0	0	400003|700006|800020|1200017|400020	0	999	3	images/icon/20001057_icon.png		0
60001007	長槍碎片	標槍碎片	長槍碎片		5	1	0	0	0	0	0	0	0	0	0	0	0	20001058	5	1500	750	0	0	0	0	4	0	0	400016|800015|1000013|400025	0	999	3	images/icon/20001058_icon.png		0
60001008	闊刀碎片	闊劍碎片	闊刀碎片		5	1	0	0	0	0	0	0	0	0	0	0	0	20001062	5	1500	600	0	0	0	0	4	0	0	400011|600018|700012|900016|400023	0	999	3	images/icon/20001062_icon.png		0
60001009	防禦重甲碎片	板甲碎片	防禦重甲碎片		5	1	0	0	0	0	0	0	0	0	0	0	0	20001065	5	1500	700	0	0	0	0	4	0	0	400005|800006|800020|1200020	0	999	3	images/icon/20001065_icon.png		0
60001010	綠曜石碎片	暗影符碎片	綠曜石碎片		5	1	0	0	0	0	0	0	0	0	0	0	0	20001076	5	1500	800	0	0	0	0	4	0	0	500008|800003|900013|500023|700024	0	999	3	images/icon/20001076_icon.png		0
60001011	水源玉碎片	極限球碎片	水源玉碎片		5	1	0	0	0	0	0	0	0	0	0	0	0	20001091	20	6000	525	0	0	0	0	5	0	0	600007|800020|900006	0	999	4	images/icon/20001091_icon.png		0
60001012	百辟寶刀碎片	惡魔刀鋒碎片	百辟寶刀碎片		5	1	0	0	0	0	0	0	0	0	0	0	0	20001092	20	6000	600	0	0	0	0	4	0	0	700012|800018|1100020	0	999	4	images/icon/20001092_icon.png		0
60001013	太極扇碎片	水晶法杖碎片	太極扇碎片		5	1	0	0	0	0	0	0	0	0	0	0	0	20001095	20	6000	675	0	0	0	0	4	0	0	600015|800012|900011	0	999	4	images/icon/20001095_icon.png		0
60001014	閃耀之石碎片	振奮寶石碎片	閃耀之石碎片		5	1	0	0	0	0	0	0	0	0	0	0	0	20001101	20	6000	525	0	0	0	0	4	0	0	600010|700015|1000002	0	999	4	images/icon/20001101_icon.png		0
60001015	羅生鐲碎片	閃避項鍊碎片	羅生鐲碎片		5	1	0	0	0	0	0	0	0	0	0	0	0	20001102	20	6000	900	0	0	0	0	6	0	0	800003|1000010|1200017|800021|1000024	0	999	4	images/icon/20001102_icon.png		0
60001016	輟斧碎片	掠奪之斧碎片	輟斧碎片		5	1	0	0	0	0	0	0	0	0	0	0	0	20001108	50	6000	640	0	0	0	0	6	0	0	900013|1000016|900025|1000026	0	999	4	images/icon/20001108_icon.png		0
60001017	魂劍碎片	遠古遺物碎片	魂劍碎片		5	1	0	0	0	0	0	0	0	0	0	0	0	20001112	50	6000	760	0	0	0	0	8	0	0	1000007|1200017|1000023	0	999	4	images/icon/20001112_icon.png		0
60001018	養由弓碎片	角鷹弓碎片	養由弓碎片		5	1	0	0	0	0	0	0	0	0	0	0	0	20001113	50	6000	660	0	0	0	0	8	0	0	1000010|1000020	0	999	4	images/icon/20001113_icon.png		0
70001001	古錠刀卷軸碎片	水晶劍卷軸碎片	古錠刀卷軸碎片		6	1	0	0	0	0	0	0	0	0	0	0	0	30001016	5	1500	500	0	0	0	0	4	0	0	500011|600004|1000020|500024	0	999	3	images/icon/30001016_icon.png		0
70001002	雷錘卷軸碎片	小電錘卷軸碎片	電鏈雷錘卷軸碎片		6	1	0	0	0	0	0	0	0	0	0	0	0	30001017	5	1500	600	0	0	0	0	4	0	0	500005|800003|1000002|500022|800021	0	999	3	images/icon/30001017_icon.png		0
70001003	飛升卷軸碎片	風杖卷軸碎片	飛升法杖卷軸碎片		6	1	0	0	0	0	0	0	0	0	0	0	0	30001018	5	1500	600	0	0	0	0	4	0	0	500017|700009|1100015|500026	0	999	3	images/icon/30001018_icon.png		0
70001004	暴戾卷軸碎片	鬼手卷軸碎片	暴戾手套卷軸碎片		6	1	0	0	0	0	0	0	0	0	0	0	0	30001019	5	1500	700	0	0	0	0	4	0	0	500011|700015|1100009|500024|700025	0	999	3	images/icon/30001019_icon.png		0
70001005	破魔卷軸碎片	散失卷軸碎片	破魔之刃卷軸碎片		6	1	0	0	0	0	0	0	0	0	0	0	0	30001020	5	1500	850	0	0	0	0	6	0	0	400003|800015|1100006|400020	0	999	3	images/icon/30001020_icon.png		0
70001006	轉移卷軸碎片	推推棒卷軸碎片	轉移法杖卷軸碎片		6	1	0	0	0	0	0	0	0	0	0	0	0	30001021	5	1500	900	0	0	0	0	4	0	0	500014|700018|1100012|1200007|700026	0	999	3	images/icon/30001021_icon.png		0
70001007	流星錘卷軸碎片	碎骨錘卷軸碎片	流星錘卷軸碎片		6	1	0	0	0	0	0	0	0	0	0	0	0	30001022	5	1500	1000	0	0	0	0	4	0	0	600013|800015|900013|600025	0	999	3	images/icon/30001022_icon.png		0
70001008	龍舞劍卷軸碎片	暗滅卷軸碎片	龍舞劍卷軸碎片		6	1	0	0	0	0	0	0	0	0	0	0	0	30001023	5	1500	1200	0	0	0	0	4	0	0	600010|800006|900011|600024	0	999	3	images/icon/30001023_icon.png		0
70001009	紅炎卷軸碎片	紅杖卷軸碎片	紅炎之杖卷軸碎片		6	1	0	0	0	0	0	0	0	0	0	0	0	30001024	5	1500	1250	0	0	0	0	6	0	0	500002|700009|1200004	0	999	3	images/icon/30001024_icon.png		0
70001010	玉柴卷軸碎片	紛爭卷軸碎片	玉柴頭巾卷軸碎片		6	1	0	0	0	0	0	0	0	0	0	0	0	30001025	5	1500	1250	0	0	0	0	4	0	0	600001|600015|1000015|600021|600026	0	999	3	images/icon/30001025_icon.png		0
70001011	太平卷軸碎片	小人書卷軸碎片	太平要術卷軸碎片		6	1	0	0	0	0	0	0	0	0	0	0	0	30001026	5	1500	1250	0	0	0	0	6	0	0	500017|700018|1100003|500026|700026	0	999	3	images/icon/30001026_icon.png		0
70001012	神魔卷軸碎片	黑黃卷軸碎片	神魔披肩卷軸碎片		6	1	0	0	0	0	0	0	0	0	0	0	0	30001027	5	1500	1300	0	0	0	0	4	0	0	500020|600004|1200002|500027	0	999	3	images/icon/30001027_icon.png		0
70001013	輕盈卷軸碎片	飛鞋卷軸碎片	輕盈之靴卷軸碎片		6	1	0	0	0	0	0	0	0	0	0	0	0	30001028	5	1500	2000	0	0	0	0	6	0	0	500002|500005|600001|600007|600013	0	999	3	images/icon/30001028_icon.png		0
70001014	破天錘卷軸碎片	大電錘卷軸碎片	雷光破天錘卷軸碎片		6	1	0	0	0	0	0	0	0	0	0	0	0	30001029	20	6000	300	0	0	0	0	4	0	0	800018|1100009|1200020|800026|1100023	0	999	4	images/icon/30001029_icon.png		0
70001015	幻影矛卷軸碎片	分身斧卷軸碎片	幻影之矛卷軸碎片		6	1	0	0	0	0	0	0	0	0	0	0	0	30001030	20	6000	325	0	0	0	0	6	0	0	700020|1000013|1200002|700027|1000025	0	999	4	images/icon/30001030_icon.png		0
70001016	封魔卷軸碎片	紫苑卷軸碎片	封魔天書卷軸碎片		6	1	0	0	0	0	0	0	0	0	0	0	0	30001031	20	6000	387	0	0	0	0	8	0	0	700006|1100012|1200004|700022|1100024	0	999	4	images/icon/30001031_icon.png		0
70001017	八卦鏡卷軸碎片	長笛卷軸碎片	八卦鏡卷軸碎片		6	1	0	0	0	0	0	0	0	0	0	0	0	30001032	20	6000	450	0	0	0	0	6	0	0	700018|800020|700026|800027	0	999	4	images/icon/30001032_icon.png		0
70001018	天兵卷軸碎片	強襲卷軸碎片	天兵戰甲卷軸碎片		6	1	0	0	0	0	0	0	0	0	0	0	0	30001033	20	6000	650	0	0	0	0	4	0	0	700003|900003|900016|700021	0	999	4	images/icon/30001033_icon.png		0
70001019	紅龍卷軸碎片	林肯卷軸碎片	紅龍鱗甲卷軸碎片		6	1	0	0	0	0	0	0	0	0	0	0	0	30001034	20	6000	662	0	0	0	0	6	0	0	800006|900003|1200007|800022|900021	0	999	4	images/icon/30001034_icon.png		0
70001020	八卦陣卷軸碎片	刷新球卷軸碎片	陰陽八卦陣卷軸碎片		6	1	0	0	0	0	0	0	0	0	0	0	0	30001035	20	6000	937	0	0	0	0	8	0	0	800012|900008|1200010|800024|900023	0	999	4	images/icon/30001035_icon.png		0
70001021	龍影槍卷軸碎片	金箍棒卷軸碎片	龍影槍卷軸碎片		6	1	0	0	0	0	0	0	0	0	0	0	0	30001036	20	6000	500	0	0	0	0	4	0	0	800015|900020|1200012|800025|900027	0	999	4	images/icon/30001036_icon.png		0
70001022	祭靈卷軸碎片	羊刀卷軸碎片	祭靈法杖卷軸碎片		6	1	0	0	0	0	0	0	0	0	0	0	0	30001037	20	6000	500	0	0	0	0	4	0	0	700009|800009|1200015|700023	0	999	4	images/icon/30001037_icon.png		0
70001023	玄冰鎧卷軸碎片	冰甲卷軸碎片	玄冰銀光鎧卷軸碎片		6	1	0	0	0	0	0	0	0	0	0	0	0	30001038	50	15000	120	0	0	0	0	8	0	0	1000005|1100003|1000022|1100021	0	999	4	images/icon/30001038_icon.png		0
70001024	方天戟卷軸碎片	大炮卷軸碎片	方天畫戟卷軸碎片		6	1	0	0	0	0	0	0	0	0	0	0	0	30001039	50	15000	200	0	0	0	0	8	0	0	1100009|1200002|1100023|1200021	0	999	4	images/icon/30001039_icon.png		0
70001025	偃月刀卷軸碎片	撒旦卷軸碎片	青龍偃月刀卷軸碎片		6	1	0	0	0	0	0	0	0	0	0	0	0	30001040	50	15000	220	0	0	0	0	6	0	0	1100018|1200012|1100026|1200025	0	999	4	images/icon/30001040_icon.png		0
70001026	無雙甲卷軸碎片	龍心卷軸碎片	無雙戰甲卷軸碎片		6	1	0	0	0	0	0	0	0	0	0	0	0	30001041	50	15000	240	0	0	0	0	6	0	0	1100015|1200015|1100025|1200026	0	999	4	images/icon/30001041_icon.png		0
70001027	金光鉞卷軸碎片	光耀卷軸碎片	金光鴛鴦鉞卷軸碎片		6	1	0	0	0	0	0	0	0	0	0	0	0	30001042	50	15000	270	0	0	0	0	6	0	0	1100006|1200020|1100022|1200028	0	999	4	images/icon/30001042_icon.png		0